Teff = 3996.823242, 79.61
feh = -0.0754987, 0.084
logg = 4.701770812, 0.032
B = 16.604, 0.06
g = 16.018, 0.08
V = 15.226, 0.08
r = 14.641, 0.08
Kepler = 14.611, 0.1
i = 14.007, 0.01
J = 12.477, 0.022
H = 11.802, 0.03
K = 11.657, 0.024
