Teff = 3423.378906, 84.15
feh = 0.20130342, 0.084
logg = 4.885807144, 0.112
B = 17.479, 0.14
g = 16.776, 0.04
V = 16.034, 0.06
r = 15.454, 0.07
Kepler = 14.951, 0.1
i = 14.168, 0.15
J = 11.989, 0.022
H = 11.424, 0.025
K = 11.197, 0.027
