Teff = 3612.045898, 84.31
feh = -0.1751729, 0.09
logg = 4.811271167, 0.064
B = 16.172, 0.05
g = 15.492, 0.07
V = 14.653, 0.041
r = 14.054, 0.046
Kepler = 13.849, 0.1
i = 13.145, 0.03
J = 11.419, 0.034
H = 10.844, 0.037
K = 10.608, 0.028
