Teff = 3879.177734, 90.95
feh = 0.03179316, 0.125
logg = 4.683564037, 0.039
B = 17.042, 0.09
g = 16.401, 0.04
V = 15.597, 0.05
r = 15.02, 0.04
Kepler = 14.928, 0.1
i = 14.296, 0.08
J = 12.726, 0.024
H = 12.088, 0.03
K = 11.924, 0.026
